# amplicon position	effect
1	6.600000000000000000e+01
2	0.000000000000000000e+00
3	0.000000000000000000e+00
4	0.000000000000000000e+00
5	5.000000000000000000e+00
6	6.000000000000000000e+00
7	1.000000000000000000e+00
8	0.000000000000000000e+00
9	2.000000000000000000e+00
10	2.000000000000000000e+00
11	0.000000000000000000e+00
12	0.000000000000000000e+00
13	0.000000000000000000e+00
14	0.000000000000000000e+00
15	1.000000000000000000e+00
16	1.000000000000000000e+00
17	1.000000000000000000e+00
18	1.000000000000000000e+00
19	1.000000000000000000e+00
20	3.000000000000000000e+00
21	2.000000000000000000e+00
22	0.000000000000000000e+00
23	1.000000000000000000e+00
24	1.000000000000000000e+00
25	2.000000000000000000e+00
26	2.000000000000000000e+00
27	1.000000000000000000e+00
28	1.000000000000000000e+00
29	0.000000000000000000e+00
30	0.000000000000000000e+00
31	1.000000000000000000e+00
32	1.000000000000000000e+00
33	0.000000000000000000e+00
34	1.000000000000000000e+00
35	1.000000000000000000e+00
36	0.000000000000000000e+00
37	0.000000000000000000e+00
38	0.000000000000000000e+00
39	0.000000000000000000e+00
40	0.000000000000000000e+00
41	0.000000000000000000e+00
42	0.000000000000000000e+00
43	0.000000000000000000e+00
44	0.000000000000000000e+00
45	0.000000000000000000e+00
46	0.000000000000000000e+00
47	0.000000000000000000e+00
48	0.000000000000000000e+00
49	0.000000000000000000e+00
50	0.000000000000000000e+00
51	0.000000000000000000e+00
52	0.000000000000000000e+00
53	0.000000000000000000e+00
54	0.000000000000000000e+00
55	0.000000000000000000e+00
56	0.000000000000000000e+00
57	0.000000000000000000e+00
58	0.000000000000000000e+00
59	0.000000000000000000e+00
60	0.000000000000000000e+00
61	0.000000000000000000e+00
62	0.000000000000000000e+00
63	0.000000000000000000e+00
64	0.000000000000000000e+00
65	0.000000000000000000e+00
66	6.100000000000000000e+01
67	6.100000000000000000e+01
68	0.000000000000000000e+00
69	0.000000000000000000e+00
70	0.000000000000000000e+00
71	0.000000000000000000e+00
72	0.000000000000000000e+00
73	0.000000000000000000e+00
74	0.000000000000000000e+00
75	0.000000000000000000e+00
76	5.700000000000000000e+01
77	5.700000000000000000e+01
78	0.000000000000000000e+00
79	0.000000000000000000e+00
80	5.700000000000000000e+01
81	5.700000000000000000e+01
82	0.000000000000000000e+00
83	0.000000000000000000e+00
84	0.000000000000000000e+00
85	0.000000000000000000e+00
86	0.000000000000000000e+00
87	0.000000000000000000e+00
88	0.000000000000000000e+00
89	0.000000000000000000e+00
90	0.000000000000000000e+00
91	0.000000000000000000e+00
92	0.000000000000000000e+00
93	0.000000000000000000e+00
94	0.000000000000000000e+00
95	1.000000000000000000e+00
96	1.000000000000000000e+00
97	0.000000000000000000e+00
98	0.000000000000000000e+00
99	0.000000000000000000e+00
100	0.000000000000000000e+00
101	0.000000000000000000e+00
102	0.000000000000000000e+00
103	0.000000000000000000e+00
104	0.000000000000000000e+00
105	0.000000000000000000e+00
106	0.000000000000000000e+00
107	4.000000000000000000e+00
108	4.000000000000000000e+00
109	0.000000000000000000e+00
110	0.000000000000000000e+00
111	0.000000000000000000e+00
112	5.700000000000000000e+01
113	5.700000000000000000e+01
114	0.000000000000000000e+00
115	0.000000000000000000e+00
116	0.000000000000000000e+00
117	0.000000000000000000e+00
118	0.000000000000000000e+00
119	3.000000000000000000e+00
120	6.000000000000000000e+01
121	5.700000000000000000e+01
122	2.400000000000000000e+01
123	2.400000000000000000e+01
124	0.000000000000000000e+00
125	0.000000000000000000e+00
126	0.000000000000000000e+00
127	0.000000000000000000e+00
128	0.000000000000000000e+00
129	0.000000000000000000e+00
130	0.000000000000000000e+00
131	6.100000000000000000e+01
132	6.100000000000000000e+01
133	0.000000000000000000e+00
134	0.000000000000000000e+00
135	1.000000000000000000e+00
136	1.000000000000000000e+00
137	1.000000000000000000e+00
138	2.000000000000000000e+00
139	5.700000000000000000e+01
140	5.600000000000000000e+01
141	0.000000000000000000e+00
142	0.000000000000000000e+00
143	1.000000000000000000e+00
144	1.000000000000000000e+00
145	0.000000000000000000e+00
146	0.000000000000000000e+00
147	0.000000000000000000e+00
148	0.000000000000000000e+00
149	2.000000000000000000e+00
150	2.000000000000000000e+00
151	5.000000000000000000e+00
152	5.000000000000000000e+00
153	0.000000000000000000e+00
154	2.000000000000000000e+00
155	1.070000000000000000e+02
156	1.070000000000000000e+02
157	6.900000000000000000e+01
158	6.700000000000000000e+01
159	1.000000000000000000e+00
160	3.000000000000000000e+00
161	2.000000000000000000e+00
162	0.000000000000000000e+00
163	1.000000000000000000e+00
164	2.000000000000000000e+00
165	1.000000000000000000e+00
166	2.000000000000000000e+00
167	2.000000000000000000e+00
168	3.000000000000000000e+00
169	3.000000000000000000e+00
170	0.000000000000000000e+00
171	6.800000000000000000e+01
172	6.800000000000000000e+01
173	3.100000000000000000e+01
174	5.380000000000000000e+02
175	2.071000000000000000e+03
176	1.567000000000000000e+03
177	3.400000000000000000e+01
178	5.200000000000000000e+01
179	7.100000000000000000e+01
180	8.300000000000000000e+01
181	3.600000000000000000e+01
182	1.900000000000000000e+01
183	4.800000000000000000e+01
184	3.400000000000000000e+01
185	6.000000000000000000e+00
186	4.000000000000000000e+00
187	0.000000000000000000e+00
188	1.000000000000000000e+00
189	1.000000000000000000e+00
190	6.800000000000000000e+01
191	6.800000000000000000e+01
192	0.000000000000000000e+00
193	0.000000000000000000e+00
194	0.000000000000000000e+00
195	0.000000000000000000e+00
196	0.000000000000000000e+00
197	0.000000000000000000e+00
198	0.000000000000000000e+00
199	0.000000000000000000e+00
200	0.000000000000000000e+00
201	0.000000000000000000e+00
202	0.000000000000000000e+00
203	0.000000000000000000e+00
204	0.000000000000000000e+00
205	0.000000000000000000e+00
206	0.000000000000000000e+00
207	0.000000000000000000e+00
208	0.000000000000000000e+00
209	0.000000000000000000e+00
210	0.000000000000000000e+00
211	0.000000000000000000e+00
212	0.000000000000000000e+00
213	0.000000000000000000e+00
214	0.000000000000000000e+00
215	0.000000000000000000e+00
216	0.000000000000000000e+00
217	0.000000000000000000e+00
218	0.000000000000000000e+00
219	0.000000000000000000e+00
220	0.000000000000000000e+00
221	0.000000000000000000e+00
222	0.000000000000000000e+00
223	0.000000000000000000e+00
224	0.000000000000000000e+00
225	1.000000000000000000e+00
226	1.000000000000000000e+00
227	0.000000000000000000e+00
228	0.000000000000000000e+00
229	0.000000000000000000e+00
230	0.000000000000000000e+00
231	0.000000000000000000e+00
232	2.000000000000000000e+00
233	3.000000000000000000e+00
234	1.000000000000000000e+00
235	0.000000000000000000e+00
236	0.000000000000000000e+00
237	0.000000000000000000e+00
238	0.000000000000000000e+00
239	0.000000000000000000e+00
240	0.000000000000000000e+00
241	0.000000000000000000e+00
242	0.000000000000000000e+00
243	0.000000000000000000e+00
244	0.000000000000000000e+00
245	0.000000000000000000e+00
246	0.000000000000000000e+00
247	0.000000000000000000e+00
248	0.000000000000000000e+00
249	0.000000000000000000e+00
250	0.000000000000000000e+00
251	0.000000000000000000e+00
252	0.000000000000000000e+00
253	0.000000000000000000e+00
254	0.000000000000000000e+00
255	0.000000000000000000e+00
256	0.000000000000000000e+00
257	0.000000000000000000e+00
258	0.000000000000000000e+00
259	0.000000000000000000e+00
260	0.000000000000000000e+00
261	0.000000000000000000e+00
262	0.000000000000000000e+00
263	0.000000000000000000e+00
264	0.000000000000000000e+00
265	0.000000000000000000e+00
266	0.000000000000000000e+00
267	0.000000000000000000e+00
268	0.000000000000000000e+00
269	0.000000000000000000e+00
270	0.000000000000000000e+00
271	0.000000000000000000e+00
272	0.000000000000000000e+00
273	0.000000000000000000e+00
274	0.000000000000000000e+00
275	0.000000000000000000e+00
276	0.000000000000000000e+00
277	0.000000000000000000e+00
278	0.000000000000000000e+00
279	0.000000000000000000e+00
280	0.000000000000000000e+00
281	0.000000000000000000e+00
282	0.000000000000000000e+00
283	0.000000000000000000e+00
284	0.000000000000000000e+00
285	0.000000000000000000e+00
286	0.000000000000000000e+00
287	0.000000000000000000e+00
288	0.000000000000000000e+00
289	0.000000000000000000e+00
290	0.000000000000000000e+00
291	0.000000000000000000e+00
292	0.000000000000000000e+00
293	0.000000000000000000e+00
294	0.000000000000000000e+00
295	0.000000000000000000e+00
296	0.000000000000000000e+00
297	0.000000000000000000e+00
298	0.000000000000000000e+00
299	0.000000000000000000e+00
300	1.000000000000000000e+00
301	2.000000000000000000e+00
302	1.000000000000000000e+00
303	0.000000000000000000e+00
304	0.000000000000000000e+00
305	0.000000000000000000e+00
306	0.000000000000000000e+00
307	0.000000000000000000e+00
308	1.000000000000000000e+00
309	1.000000000000000000e+00
310	0.000000000000000000e+00
311	0.000000000000000000e+00
312	0.000000000000000000e+00
313	2.000000000000000000e+00
314	2.000000000000000000e+00
315	1.000000000000000000e+00
316	1.000000000000000000e+00
317	0.000000000000000000e+00
318	0.000000000000000000e+00
319	0.000000000000000000e+00
320	0.000000000000000000e+00
321	0.000000000000000000e+00
322	0.000000000000000000e+00
323	0.000000000000000000e+00
324	0.000000000000000000e+00
325	0.000000000000000000e+00
326	0.000000000000000000e+00
327	0.000000000000000000e+00
328	0.000000000000000000e+00
329	0.000000000000000000e+00
330	0.000000000000000000e+00
331	6.600000000000000000e+01
