# amplicon position	effect
1	3.718309859154929509e+00
2	0.000000000000000000e+00
3	0.000000000000000000e+00
4	0.000000000000000000e+00
5	0.000000000000000000e+00
6	0.000000000000000000e+00
7	5.000000000000000000e-01
8	1.000000000000000000e+00
9	1.666666666666666741e+00
10	1.666666666666666741e+00
11	0.000000000000000000e+00
12	0.000000000000000000e+00
13	0.000000000000000000e+00
14	0.000000000000000000e+00
15	0.000000000000000000e+00
16	5.000000000000000000e+00
17	5.000000000000000000e+00
18	0.000000000000000000e+00
19	0.000000000000000000e+00
20	2.500000000000000000e-01
21	3.333333333333333148e-01
22	0.000000000000000000e+00
23	0.000000000000000000e+00
24	0.000000000000000000e+00
25	0.000000000000000000e+00
26	0.000000000000000000e+00
27	1.500000000000000000e+01
28	1.500000000000000000e+01
29	0.000000000000000000e+00
30	0.000000000000000000e+00
31	0.000000000000000000e+00
32	0.000000000000000000e+00
33	0.000000000000000000e+00
34	1.550000000000000000e+01
35	1.550000000000000000e+01
36	0.000000000000000000e+00
37	0.000000000000000000e+00
38	0.000000000000000000e+00
39	0.000000000000000000e+00
40	0.000000000000000000e+00
41	0.000000000000000000e+00
42	0.000000000000000000e+00
43	0.000000000000000000e+00
44	0.000000000000000000e+00
45	0.000000000000000000e+00
46	0.000000000000000000e+00
47	0.000000000000000000e+00
48	0.000000000000000000e+00
49	0.000000000000000000e+00
50	0.000000000000000000e+00
51	0.000000000000000000e+00
52	0.000000000000000000e+00
53	0.000000000000000000e+00
54	0.000000000000000000e+00
55	0.000000000000000000e+00
56	0.000000000000000000e+00
57	0.000000000000000000e+00
58	0.000000000000000000e+00
59	0.000000000000000000e+00
60	0.000000000000000000e+00
61	0.000000000000000000e+00
62	0.000000000000000000e+00
63	0.000000000000000000e+00
64	0.000000000000000000e+00
65	0.000000000000000000e+00
66	1.406250000000000000e-01
67	1.406250000000000000e-01
68	0.000000000000000000e+00
69	0.000000000000000000e+00
70	0.000000000000000000e+00
71	8.000000000000000000e+00
72	8.000000000000000000e+00
73	0.000000000000000000e+00
74	0.000000000000000000e+00
75	0.000000000000000000e+00
76	2.068965517241379282e-01
77	2.068965517241379282e-01
78	0.000000000000000000e+00
79	0.000000000000000000e+00
80	3.448275862068965469e-02
81	3.448275862068965469e-02
82	0.000000000000000000e+00
83	1.000000000000000000e+00
84	1.000000000000000000e+00
85	0.000000000000000000e+00
86	0.000000000000000000e+00
87	0.000000000000000000e+00
88	0.000000000000000000e+00
89	0.000000000000000000e+00
90	0.000000000000000000e+00
91	0.000000000000000000e+00
92	0.000000000000000000e+00
93	0.000000000000000000e+00
94	0.000000000000000000e+00
95	2.700000000000000000e+01
96	2.700000000000000000e+01
97	0.000000000000000000e+00
98	0.000000000000000000e+00
99	0.000000000000000000e+00
100	0.000000000000000000e+00
101	0.000000000000000000e+00
102	0.000000000000000000e+00
103	0.000000000000000000e+00
104	0.000000000000000000e+00
105	0.000000000000000000e+00
106	0.000000000000000000e+00
107	1.666666666666666741e+00
108	1.666666666666666741e+00
109	0.000000000000000000e+00
110	0.000000000000000000e+00
111	0.000000000000000000e+00
112	6.666666666666666297e-01
113	6.666666666666666297e-01
114	0.000000000000000000e+00
115	0.000000000000000000e+00
116	0.000000000000000000e+00
117	0.000000000000000000e+00
118	0.000000000000000000e+00
119	0.000000000000000000e+00
120	9.523809523809523281e-01
121	1.000000000000000000e+00
122	2.399999999999999911e-01
123	2.399999999999999911e-01
124	0.000000000000000000e+00
125	0.000000000000000000e+00
126	1.000000000000000000e+00
127	1.000000000000000000e+00
128	0.000000000000000000e+00
129	0.000000000000000000e+00
130	0.000000000000000000e+00
131	2.343750000000000000e-01
132	2.343750000000000000e-01
133	0.000000000000000000e+00
134	4.600000000000000000e+01
135	3.926470588235294201e+01
136	3.922485207100591964e+01
137	2.652631578947368496e+01
138	2.793181818181818343e+01
139	1.436220472440944818e+01
140	1.077450980392156943e+01
141	2.200000000000000000e+01
142	2.200000000000000000e+01
143	0.000000000000000000e+00
144	0.000000000000000000e+00
145	2.600000000000000000e+01
146	2.600000000000000000e+01
147	0.000000000000000000e+00
148	3.400000000000000000e+01
149	1.837500000000000000e+01
150	1.733333333333333215e+01
151	0.000000000000000000e+00
152	0.000000000000000000e+00
153	0.000000000000000000e+00
154	1.250000000000000000e+01
155	1.051282051282051322e+00
156	6.347826086956521729e-01
157	1.150684931506849251e+00
158	2.722222222222222321e+00
159	5.600000000000000000e+01
160	9.768000000000000682e+01
161	1.017500000000000000e+02
162	8.066666666666667140e+01
163	7.100000000000000000e+01
164	8.666666666666666075e+00
165	5.670588235294117396e+01
166	5.657142857142856940e+01
167	4.600000000000000000e+01
168	8.846153846153845812e-01
169	1.014814814814814881e+01
170	1.840540540540540704e+01
171	4.235294117647058876e+00
172	2.923809523809523725e+01
173	5.409146341463414842e+01
174	6.793444562773636619e+01
175	6.538972029217886472e+01
176	5.688037126160192258e+01
177	2.994495412844036863e+01
178	3.429347826086956275e+01
179	2.619858156028368867e+01
180	1.488383838383838409e+01
181	2.533749999999999858e+01
182	4.902000000000000313e+01
183	1.932876712328767255e+01
184	1.766666666666666785e+01
185	2.285875706214689274e+01
186	3.109433962264150964e+01
187	4.532142857142856940e+01
188	4.166666666666666430e+01
189	3.312500000000000000e+01
190	4.376470588235294557e+00
191	4.329411764705882071e+00
192	2.657142857142857295e+01
193	3.100000000000000000e+01
194	2.800000000000000000e+01
195	8.000000000000000000e+00
196	4.503571428571428470e+01
197	3.187837837837837895e+01
198	2.386956521739130466e+01
199	0.000000000000000000e+00
200	0.000000000000000000e+00
201	1.850000000000000000e+01
202	2.250000000000000000e+01
203	2.560000000000000142e+01
204	2.500000000000000000e+01
205	0.000000000000000000e+00
206	8.000000000000000000e+00
207	8.333333333333333925e+00
208	2.750000000000000000e+01
209	4.600000000000000000e+01
210	0.000000000000000000e+00
211	0.000000000000000000e+00
212	3.300000000000000000e+01
213	1.850000000000000000e+01
214	3.000000000000000000e+00
215	2.000000000000000000e+00
216	0.000000000000000000e+00
217	1.866666666666666785e+01
218	1.866666666666666785e+01
219	6.600000000000000000e+01
220	1.622222222222222143e+01
221	1.000000000000000000e+01
222	9.000000000000000000e+00
223	9.000000000000000000e+00
224	0.000000000000000000e+00
225	5.333333333333333037e+00
226	5.333333333333333037e+00
227	0.000000000000000000e+00
228	0.000000000000000000e+00
229	0.000000000000000000e+00
230	0.000000000000000000e+00
231	0.000000000000000000e+00
232	0.000000000000000000e+00
233	1.199999999999999956e+00
234	2.000000000000000000e+00
235	0.000000000000000000e+00
236	0.000000000000000000e+00
237	0.000000000000000000e+00
238	0.000000000000000000e+00
239	0.000000000000000000e+00
240	0.000000000000000000e+00
241	0.000000000000000000e+00
242	0.000000000000000000e+00
243	0.000000000000000000e+00
244	6.000000000000000000e+00
245	6.000000000000000000e+00
246	0.000000000000000000e+00
247	0.000000000000000000e+00
248	0.000000000000000000e+00
249	2.000000000000000000e+00
250	2.000000000000000000e+00
251	8.800000000000000000e+01
252	8.800000000000000000e+01
253	0.000000000000000000e+00
254	0.000000000000000000e+00
255	0.000000000000000000e+00
256	0.000000000000000000e+00
257	0.000000000000000000e+00
258	0.000000000000000000e+00
259	0.000000000000000000e+00
260	0.000000000000000000e+00
261	0.000000000000000000e+00
262	0.000000000000000000e+00
263	0.000000000000000000e+00
264	0.000000000000000000e+00
265	0.000000000000000000e+00
266	0.000000000000000000e+00
267	0.000000000000000000e+00
268	0.000000000000000000e+00
269	0.000000000000000000e+00
270	0.000000000000000000e+00
271	0.000000000000000000e+00
272	0.000000000000000000e+00
273	0.000000000000000000e+00
274	0.000000000000000000e+00
275	0.000000000000000000e+00
276	0.000000000000000000e+00
277	0.000000000000000000e+00
278	0.000000000000000000e+00
279	0.000000000000000000e+00
280	0.000000000000000000e+00
281	0.000000000000000000e+00
282	0.000000000000000000e+00
283	0.000000000000000000e+00
284	0.000000000000000000e+00
285	0.000000000000000000e+00
286	0.000000000000000000e+00
287	0.000000000000000000e+00
288	0.000000000000000000e+00
289	0.000000000000000000e+00
290	0.000000000000000000e+00
291	0.000000000000000000e+00
292	0.000000000000000000e+00
293	0.000000000000000000e+00
294	0.000000000000000000e+00
295	0.000000000000000000e+00
296	0.000000000000000000e+00
297	0.000000000000000000e+00
298	0.000000000000000000e+00
299	0.000000000000000000e+00
300	0.000000000000000000e+00
301	0.000000000000000000e+00
302	0.000000000000000000e+00
303	0.000000000000000000e+00
304	0.000000000000000000e+00
305	0.000000000000000000e+00
306	1.000000000000000000e+00
307	1.000000000000000000e+00
308	0.000000000000000000e+00
309	0.000000000000000000e+00
310	0.000000000000000000e+00
311	0.000000000000000000e+00
312	0.000000000000000000e+00
313	5.000000000000000000e-01
314	5.000000000000000000e-01
315	5.000000000000000000e-01
316	5.000000000000000000e-01
317	0.000000000000000000e+00
318	0.000000000000000000e+00
319	0.000000000000000000e+00
320	1.000000000000000000e+00
321	1.000000000000000000e+00
322	1.000000000000000000e+00
323	1.000000000000000000e+00
324	0.000000000000000000e+00
325	0.000000000000000000e+00
326	0.000000000000000000e+00
327	0.000000000000000000e+00
328	0.000000000000000000e+00
329	0.000000000000000000e+00
330	0.000000000000000000e+00
331	3.718309859154929509e+00
